{
  "id": 1,
  "experiment_name": "iris_classification_demo",
  "timestamp": "2026-04-01T18:49:55.182031",
  "dataset": {
    "source": "sklearn",
    "name": "iris"
  },
  "models": [
    "logistic_regression",
    "random_forest"
  ],
  "status": "completed",
  "tags": [
    "demo",
    "iris",
    "v1"
  ],
  "notes": "Test run with tags",
  "results": {
    "experiment_name": "iris_classification_demo",
    "dataset": {
      "source": "sklearn",
      "name": "iris"
    },
    "models": [
      "logistic_regression",
      "random_forest"
    ],
    "model_types": {
      "logistic_regression": "classification",
      "random_forest": "classification"
    },
    "preprocessing": {
      "scale": true,
      "encode_target": true
    },
    "cv": {
      "strategy": "stratified_kfold",
      "folds": 5
    },
    "tuning": {
      "enabled": false
    },
    "tags": [
      "demo",
      "iris",
      "v1"
    ],
    "notes": "Test run with tags",
    "data_shape": {
      "raw": {
        "X": [
          150,
          4
        ],
        "y": [
          150
        ]
      },
      "processed": {
        "X": [
          150,
          4
        ],
        "y": [
          150
        ]
      }
    },
    "status": "completed",
    "results": {
      "logistic_regression": {
        "model": "logistic_regression",
        "task_type": "classification",
        "folds": [
          {
            "fold": 1,
            "train_size": 120,
            "val_size": 30,
            "train_metrics": {
              "accuracy": 0.9666666666666667,
              "precision": 0.9674185463659147,
              "recall": 0.9666666666666667,
              "f1": 0.966645820304357,
              "confusion_matrix": [
                [
                  40,
                  0,
                  0
                ],
                [
                  0,
                  37,
                  3
                ],
                [
                  0,
                  1,
                  39
                ]
              ]
            },
            "val_metrics": {
              "accuracy": 1.0,
              "precision": 1.0,
              "recall": 1.0,
              "f1": 1.0,
              "roc_auc": 1.0,
              "confusion_matrix": [
                [
                  10,
                  0,
                  0
                ],
                [
                  0,
                  10,
                  0
                ],
                [
                  0,
                  0,
                  10
                ]
              ]
            },
            "val_proba": [
              [
                0.9826415517861561,
                0.01735812550353976,
                3.227103043023941e-07
              ],
              [
                0.9846607561174805,
                0.015339099510971703,
                1.4437154790605038e-07
              ],
              [
                0.9892065792026954,
                0.010793360844962477,
                5.995234204020147e-08
              ],
              [
                0.9962935035064978,
                0.003706446642583645,
                4.985091841242321e-08
              ],
              [
                0.9427787229420851,
                0.05722012925026735,
                1.1478076477555775e-06
              ],
              [
                0.9072219109000041,
                0.09277563912851497,
                2.4499714809427012e-06
              ],
              [
                0.9718422666993255,
                0.02815709654775485,
                6.367529196303756e-07
              ],
              [
                0.9963517244486249,
                0.003648252716527664,
                2.283484748008484e-08
              ],
              [
                0.964606855807211,
                0.0353926958765884,
                4.483162005402565e-07
              ],
              [
                0.937933640440784,
                0.06206443079794267,
                1.928761273478589e-06
              ],
              [
                0.0033974931286472384,
                0.7044329813907364,
                0.29216952548061637
              ],
              [
                0.06920031451179597,
                0.8314490890441285,
                0.09935059644407547
              ],
              [
                0.010538662717094235,
                0.86758962233596,
                0.12187171494694568
              ],
              [
                0.014309195525318648,
                0.7489124497304976,
                0.23677835474418374
              ],
              [
                0.06770368251209723,
                0.7162964118441307,
                0.21599990564377214
              ],
              [
                0.0015667604039891825,
                0.8301678121082282,
                0.16826542748778264
              ],
              [
                0.02005847193016379,
                0.9232053437374492,
                0.056736184332386946
              ],
              [
                0.029386588104444656,
                0.8711921067279732,
                0.09942130516758235
              ],
              [
                0.017385833248537142,
                0.8914485103655831,
                0.09116565638587969
              ],
              [
                0.03772354101929883,
                0.8830292325552924,
                0.0792472264254087
              ],
              [
                3.414055473702639e-05,
                0.009247856300087025,
                0.9907180031451759
              ],
              [
                2.2048782108715885e-05,
                0.044525445384623476,
                0.9554525058332679
              ],
              [
                1.9508590598586096e-05,
                0.08040289848163702,
                0.9195775929277643
              ],
              [
                8.958351387447578e-05,
                0.07256998749421184,
                0.9273404289919136
              ],
              [
                0.00025497316881658503,
                0.07214400715027301,
                0.9276010196809104
              ],
              [
                9.77150184333492e-06,
                0.06525863992271361,
                0.934731588575443
              ],
              [
                0.005800583372092582,
                0.39468025336976126,
                0.5995191632581461
              ],
              [
                0.00014147713294965618,
                0.09049260027743852,
                0.9093659225896118
              ],
              [
                3.198688395906251e-05,
                0.0144640552511633,
                0.9855039578648775
              ],
              [
                0.0006680398027665754,
                0.05045629538923225,
                0.9488756648080011
              ]
            ],
            "val_true": [
              0,
              0,
              0,
              0,
              0,
              0,
              0,
              0,
              0,
              0,
              1,
              1,
              1,
              1,
              1,
              1,
              1,
              1,
              1,
              1,
              2,
              2,
              2,
              2,
              2,
              2,
              2,
              2,
              2,
              2
            ],
            "val_preds": [
              0,
              0,
              0,
              0,
              0,
              0,
              0,
              0,
              0,
              0,
              1,
              1,
              1,
              1,
              1,
              1,
              1,
              1,
              1,
              1,
              2,
              2,
              2,
              2,
              2,
              2,
              2,
              2,
              2,
              2
            ]
          },
          {
            "fold": 2,
            "train_size": 120,
            "val_size": 30,
            "train_metrics": {
              "accuracy": 0.975,
              "precision": 0.9751928288513655,
              "recall": 0.975,
              "f1": 0.9749960931395532,
              "confusion_matrix": [
                [
                  40,
                  0,
                  0
                ],
                [
                  0,
                  38,
                  2
                ],
                [
                  0,
                  1,
                  39
                ]
              ]
            },
            "val_metrics": {
              "accuracy": 0.9666666666666667,
              "precision": 0.9696969696969696,
              "recall": 0.9666666666666667,
              "f1": 0.9665831244778613,
              "roc_auc": 0.9966666666666666,
              "confusion_matrix": [
                [
                  10,
                  0,
                  0
                ],
                [
                  0,
                  10,
                  0
                ],
                [
                  0,
                  1,
                  9
                ]
              ]
            },
            "val_proba": [
              [
                0.981280876047052,
                0.01871899246293155,
                1.3149001652985953e-07
              ],
              [
                0.9883351451948577,
                0.01166478595835215,
                6.884679028718058e-08
              ],
              [
                0.9576237389782608,
                0.042375903084998216,
                3.5793674104218856e-07
              ],
              [
                0.9815577031397357,
                0.018442168711387055,
                1.281488770524092e-07
              ],
              [
                0.9905774913351175,
                0.009422433026318807,
                7.563856383474419e-08
              ],
              [
                0.9852911721301965,
                0.014708626603293673,
                2.0126650974722405e-07
              ],
              [
                0.9407046498154799,
                0.05929398239216134,
                1.3677923588412747e-06
              ],
              [
                0.9833436142776019,
                0.016656239039736592,
                1.46682661649585e-07
              ],
              [
                0.9868702826460612,
                0.013129626885193972,
                9.046874482211664e-08
              ],
              [
                0.9799245612623497,
                0.020075267262265883,
                1.7147538454584675e-07
              ],
              [
                0.006459740312896212,
                0.8517089705309109,
                0.1418312891561928
              ],
              [
                0.02831477038807313,
                0.9526245350092573,
                0.01906069460266965
              ],
              [
                0.0008369623035875475,
                0.5876321826061291,
                0.41153085509028325
              ],
              [
                0.012504189194099633,
                0.8953393661720257,
                0.09215644463387448
              ],
              [
                0.009106438333862337,
                0.8493747826916664,
                0.14151877897447115
              ],
              [
                0.027199195028890663,
                0.9426033056248563,
                0.030197499346253143
              ],
              [
                0.032185454373696985,
                0.9293554740438126,
                0.03845907158249038
              ],
              [
                0.02237902505742718,
                0.9039857940878165,
                0.07363518085475637
              ],
              [
                0.024508462191957233,
                0.902067124319655,
                0.07342441348838799
              ],
              [
                0.04524738773059081,
                0.8942169045269243,
                0.060535707742484776
              ],
              [
                0.015293683442976613,
                0.6098519119948229,
                0.3748544045622006
              ],
              [
                2.6504253516377584e-05,
                0.0847594579358465,
                0.9152140378106371
              ],
              [
                1.4840961316096232e-05,
                0.013153981560466852,
                0.9868311774782171
              ],
              [
                0.0012156085373918137,
                0.22536943695268777,
                0.7734149545099205
              ],
              [
                0.00019896428972380353,
                0.15123829117920115,
                0.848562744531075
              ],
              [
                0.00012936164979054324,
                0.04391264268487731,
                0.9559579956653322
              ],
              [
                3.3729312923050605e-05,
                0.032434681207123575,
                0.9675315894799534
              ],
              [
                0.0021266280785383054,
                0.24322876835806245,
                0.7546446035633992
              ],
              [
                0.00020983599972232365,
                0.04104569442235023,
                0.9587444695779274
              ],
              [
                0.004167561311462379,
                0.38669719204584385,
                0.6091352466426938
              ]
            ],
            "val_true": [
              0,
              0,
              0,
              0,
              0,
              0,
              0,
              0,
              0,
              0,
              1,
              1,
              1,
              1,
              1,
              1,
              1,
              1,
              1,
              1,
              2,
              2,
              2,
              2,
              2,
              2,
              2,
              2,
              2,
              2
            ],
            "val_preds": [
              0,
              0,
              0,
              0,
              0,
              0,
              0,
              0,
              0,
              0,
              1,
              1,
              1,
              1,
              1,
              1,
              1,
              1,
              1,
              1,
              1,
              2,
              2,
              2,
              2,
              2,
              2,
              2,
              2,
              2
            ]
          },
          {
            "fold": 3,
            "train_size": 120,
            "val_size": 30,
            "train_metrics": {
              "accuracy": 0.9833333333333333,
              "precision": 0.9833333333333333,
              "recall": 0.9833333333333333,
              "f1": 0.9833333333333333,
              "confusion_matrix": [
                [
                  40,
                  0,
                  0
                ],
                [
                  0,
                  39,
                  1
                ],
                [
                  0,
                  1,
                  39
                ]
              ]
            },
            "val_metrics": {
              "accuracy": 0.9,
              "precision": 0.9023569023569025,
              "recall": 0.9,
              "f1": 0.8997493734335839,
              "roc_auc": 0.9916666666666667,
              "confusion_matrix": [
                [
                  10,
                  0,
                  0
                ],
                [
                  0,
                  8,
                  2
                ],
                [
                  0,
                  1,
                  9
                ]
              ]
            },
            "val_proba": [
              [
                0.9888707457366991,
                0.01112902931587943,
                2.249474216449141e-07
              ],
              [
                0.9771409092974732,
                0.02285878504957034,
                3.056529564372727e-07
              ],
              [
                0.996631890245129,
                0.0033680880420090854,
                2.1712861980566953e-08
              ],
              [
                0.9775171302764328,
                0.022482603292883603,
                2.664306834834642e-07
              ],
              [
                0.946075940425602,
                0.05392300588022781,
                1.0536941703343093e-06
              ],
              [
                0.9397540352751764,
                0.060244986103461344,
                9.78621362224757e-07
              ],
              [
                0.969297641033228,
                0.03070189913544145,
                4.598313306264618e-07
              ],
              [
                0.5875872186848646,
                0.4123994051829592,
                1.337613217613763e-05
              ],
              [
                0.9905473571862843,
                0.009452215820070931,
                4.269936449000867e-07
              ],
              [
                0.987635904293058,
                0.012363968445461504,
                1.272614803362928e-07
              ],
              [
                0.009130335700876872,
                0.848029767053122,
                0.14283989724600102
              ],
              [
                0.03237505155097052,
                0.6549760192989252,
                0.31264892915010417
              ],
              [
                0.10260370741742457,
                0.8637342910232181,
                0.033662001559357266
              ],
              [
                0.05194011888705724,
                0.7071145226544523,
                0.24094535845849044
              ],
              [
                0.020223827546073606,
                0.37910632641702824,
                0.6006698460368982
              ],
              [
                0.02094690561297477,
                0.920435437081974,
                0.05861765730505124
              ],
              [
                0.0011767540670111923,
                0.6070199164939469,
                0.391803329439042
              ],
              [
                0.0025349445361615213,
                0.42735049106027534,
                0.5701145644035631
              ],
              [
                0.09003132929433097,
                0.8604431158607656,
                0.04952555484490331
              ],
              [
                0.10684836126578236,
                0.8845293917143162,
                0.008622247019901332
              ],
              [
                6.271989725138653e-05,
                0.026584821670926673,
                0.973352458431822
              ],
              [
                3.152014857557716e-06,
                0.017787519337225863,
                0.9822093286479165
              ],
              [
                0.0008779821461506509,
                0.19367122120082966,
                0.8054507966530198
              ],
              [
                7.71547919261675e-08,
                0.0040417518197531825,
                0.995958171025455
              ],
              [
                0.0010029279301970175,
                0.321400217259826,
                0.677596854809977
              ],
              [
                0.0021812271725950598,
                0.3594268876010264,
                0.6383918852263785
              ],
              [
                0.005175526383399557,
                0.3408053922328133,
                0.6540190813837872
              ],
              [
                4.629844638142169e-05,
                0.03110265258836089,
                0.9688510489652576
              ],
              [
                0.003173003633447281,
                0.5717388827679545,
                0.42508811359859827
              ],
              [
                3.88478072323261e-05,
                0.01732878615686386,
                0.9826323660359038
              ]
            ],
            "val_true": [
              0,
              0,
              0,
              0,
              0,
              0,
              0,
              0,
              0,
              0,
              1,
              1,
              1,
              1,
              1,
              1,
              1,
              1,
              1,
              1,
              2,
              2,
              2,
              2,
              2,
              2,
              2,
              2,
              2,
              2
            ],
            "val_preds": [
              0,
              0,
              0,
              0,
              0,
              0,
              0,
              0,
              0,
              0,
              1,
              1,
              1,
              1,
              2,
              1,
              1,
              2,
              1,
              1,
              2,
              2,
              2,
              2,
              2,
              2,
              2,
              2,
              1,
              2
            ]
          },
          {
            "fold": 4,
            "train_size": 120,
            "val_size": 30,
            "train_metrics": {
              "accuracy": 0.9666666666666667,
              "precision": 0.9674185463659147,
              "recall": 0.9666666666666667,
              "f1": 0.966645820304357,
              "confusion_matrix": [
                [
                  40,
                  0,
                  0
                ],
                [
                  0,
                  37,
                  3
                ],
                [
                  0,
                  1,
                  39
                ]
              ]
            },
            "val_metrics": {
              "accuracy": 1.0,
              "precision": 1.0,
              "recall": 1.0,
              "f1": 1.0,
              "roc_auc": 1.0,
              "confusion_matrix": [
                [
                  10,
                  0,
                  0
                ],
                [
                  0,
                  10,
                  0
                ],
                [
                  0,
                  0,
                  10
                ]
              ]
            },
            "val_proba": [
              [
                0.9336131303628713,
                0.06638525540845279,
                1.614228675904647e-06
              ],
              [
                0.978321097618635,
                0.02167846977170044,
                4.3260966455908087e-07
              ],
              [
                0.9636409550754713,
                0.03635788196913816,
                1.1629553903884329e-06
              ],
              [
                0.9506139638623372,
                0.04938521850570703,
                8.176319557360107e-07
              ],
              [
                0.9368850857021468,
                0.06310865594749338,
                6.258350359871702e-06
              ],
              [
                0.9786599438953637,
                0.021339231457882878,
                8.246467534020507e-07
              ],
              [
                0.9690014087614747,
                0.030998086612877805,
                5.04625647594254e-07
              ],
              [
                0.9972876193977144,
                0.0027123602093235334,
                2.039296186585265e-08
              ],
              [
                0.9921698552823962,
                0.007830062773201536,
                8.194440202176394e-08
              ],
              [
                0.9703373054146579,
                0.02966213274969339,
                5.618356486886027e-07
              ],
              [
                0.021394560993178432,
                0.800531503177602,
                0.17807393582921952
              ],
              [
                0.027772612240458412,
                0.8329811755983454,
                0.13924621216119634
              ],
              [
                0.036199198997797846,
                0.7991614572638752,
                0.16463934373832678
              ],
              [
                0.012688190007011305,
                0.7785751942663812,
                0.20873661572660743
              ],
              [
                0.03568547906329109,
                0.9385817810855417,
                0.025732739851167127
              ],
              [
                0.027463086147556794,
                0.9355509705889289,
                0.036985943263514176
              ],
              [
                0.049637199720419765,
                0.9379764276323839,
                0.012386372647196248
              ],
              [
                0.0641436892902942,
                0.6757503452777182,
                0.26010596543198766
              ],
              [
                0.09334861776852511,
                0.8344841149499256,
                0.07216726728154929
              ],
              [
                0.02010453584393457,
                0.8049347154957495,
                0.1749607486603158
              ],
              [
                0.0002549210705938872,
                0.04649140343440985,
                0.9532536754949962
              ],
              [
                3.3131749911402e-05,
                0.026384255592284068,
                0.9735826126578045
              ],
              [
                1.5194356943708299e-06,
                0.030651224708041148,
                0.9693472558562645
              ],
              [
                0.00020578843877043257,
                0.17531567496944764,
                0.8244785365917819
              ],
              [
                7.318025689854993e-05,
                0.05369861854527979,
                0.9462282011978216
              ],
              [
                0.00031751960382518185,
                0.364241739515863,
                0.6354407408803118
              ],
              [
                2.5913679191218157e-06,
                0.02298893023440092,
                0.9770084783976799
              ],
              [
                0.0009644711630124876,
                0.16330004198943796,
                0.8357354868475496
              ],
              [
                8.623442906656033e-05,
                0.05229888065140378,
                0.9476148849195296
              ],
              [
                0.0005351561221026665,
                0.1539997579580785,
                0.8454650859198188
              ]
            ],
            "val_true": [
              0,
              0,
              0,
              0,
              0,
              0,
              0,
              0,
              0,
              0,
              1,
              1,
              1,
              1,
              1,
              1,
              1,
              1,
              1,
              1,
              2,
              2,
              2,
              2,
              2,
              2,
              2,
              2,
              2,
              2
            ],
            "val_preds": [
              0,
              0,
              0,
              0,
              0,
              0,
              0,
              0,
              0,
              0,
              1,
              1,
              1,
              1,
              1,
              1,
              1,
              1,
              1,
              1,
              2,
              2,
              2,
              2,
              2,
              2,
              2,
              2,
              2,
              2
            ]
          },
          {
            "fold": 5,
            "train_size": 120,
            "val_size": 30,
            "train_metrics": {
              "accuracy": 0.975,
              "precision": 0.9751928288513654,
              "recall": 0.975,
              "f1": 0.974996093139553,
              "confusion_matrix": [
                [
                  40,
                  0,
                  0
                ],
                [
                  0,
                  39,
                  1
                ],
                [
                  0,
                  2,
                  38
                ]
              ]
            },
            "val_metrics": {
              "accuracy": 0.9,
              "precision": 0.9023569023569024,
              "recall": 0.9,
              "f1": 0.8997493734335839,
              "roc_auc": 0.9933333333333333,
              "confusion_matrix": [
                [
                  10,
                  0,
                  0
                ],
                [
                  0,
                  9,
                  1
                ],
                [
                  0,
                  2,
                  8
                ]
              ]
            },
            "val_proba": [
              [
                0.9727185710548131,
                0.027280866481178372,
                5.62464008620976e-07
              ],
              [
                0.9830732398355584,
                0.016925854650247915,
                9.055141938403349e-07
              ],
              [
                0.988443303737325,
                0.011556299839644069,
                3.9642303073066876e-07
              ],
              [
                0.9786147688130039,
                0.021384648832919205,
                5.823540767047294e-07
              ],
              [
                0.964876022836303,
                0.035122625209733464,
                1.3519539636862535e-06
              ],
              [
                0.9676296014105846,
                0.03236864966673226,
                1.7489226831197028e-06
              ],
              [
                0.9639497912172891,
                0.03604958889464121,
                6.198880697845352e-07
              ],
              [
                0.9718543390526352,
                0.02814508699082968,
                5.739565350114448e-07
              ],
              [
                0.9696672648682373,
                0.030328924733716206,
                3.8103980465240825e-06
              ],
              [
                0.9905777574409258,
                0.009422061890695351,
                1.8066837891171803e-07
              ],
              [
                0.01306269928402477,
                0.9170730249725946,
                0.06986427574338078
              ],
              [
                0.0031809829539732877,
                0.728690111666073,
                0.2681289053799537
              ],
              [
                0.14203088870472155,
                0.8514244261859227,
                0.0065446851093557265
              ],
              [
                0.005686023730575598,
                0.9713195877850055,
                0.022994388484418787
              ],
              [
                0.01076836057799169,
                0.9002303764441824,
                0.0890012629778258
              ],
              [
                0.0017457433501816455,
                0.7581748699239694,
                0.2400793867258489
              ],
              [
                0.0012574229558645657,
                0.4268055568286764,
                0.571937020215459
              ],
              [
                0.03491525101468741,
                0.9519285150264578,
                0.013156233958854829
              ],
              [
                0.00486754019287113,
                0.7217418410146499,
                0.27339061879247895
              ],
              [
                0.09199358058338013,
                0.9006048901382164,
                0.007401529278403467
              ],
              [
                0.0010645421670500829,
                0.23000168495869022,
                0.7689337728742597
              ],
              [
                0.00047215793121809977,
                0.20558653065633828,
                0.7939413114124436
              ],
              [
                0.0005006467145024859,
                0.16762679542944425,
                0.8318725578560532
              ],
              [
                0.0007432560851877275,
                0.6018157969302267,
                0.3974409469845857
              ],
              [
                2.669445224591788e-05,
                0.04237868587950387,
                0.9575946196682503
              ],
              [
                0.001261023141854603,
                0.5836360794351988,
                0.41510289742294654
              ],
              [
                0.0009034646265119348,
                0.23530504019373444,
                0.7637914951797536
              ],
              [
                5.4467095402504214e-05,
                0.04440080065014394,
                0.9555447322544537
              ],
              [
                1.8490440208950087e-05,
                0.020016389744304214,
                0.9799651198154868
              ],
              [
                0.0002327954800610678,
                0.21399780030173463,
                0.7857694042182042
              ]
            ],
            "val_true": [
              0,
              0,
              0,
              0,
              0,
              0,
              0,
              0,
              0,
              0,
              1,
              1,
              1,
              1,
              1,
              1,
              1,
              1,
              1,
              1,
              2,
              2,
              2,
              2,
              2,
              2,
              2,
              2,
              2,
              2
            ],
            "val_preds": [
              0,
              0,
              0,
              0,
              0,
              0,
              0,
              0,
              0,
              0,
              1,
              1,
              1,
              1,
              1,
              1,
              2,
              1,
              1,
              1,
              2,
              2,
              2,
              1,
              2,
              1,
              2,
              2,
              2,
              2
            ]
          }
        ],
        "n_folds": 5,
        "aggregated": {
          "train": {
            "accuracy_mean": 0.9733333333333333,
            "accuracy_std": 0.0069721668877839385,
            "precision_mean": 0.9737112167535787,
            "precision_std": 0.006636468893669471,
            "recall_mean": 0.9733333333333333,
            "recall_std": 0.0069721668877839385,
            "f1_mean": 0.9733234320442307,
            "f1_std": 0.006981667264955174
          },
          "val": {
            "accuracy_mean": 0.9533333333333334,
            "accuracy_std": 0.05055250296034366,
            "precision_mean": 0.9548821548821549,
            "precision_std": 0.0495189936787796,
            "recall_mean": 0.9533333333333334,
            "recall_std": 0.05055250296034366,
            "f1_mean": 0.9532163742690057,
            "f1_std": 0.0506792009627506,
            "roc_auc_mean": 0.9963333333333333,
            "roc_auc_std": 0.0038005847503304576
          }
        },
        "feature_importance": {
          "sepal length (cm)": 0.7328477811045456,
          "sepal width (cm)": 0.6257946270780491,
          "petal length (cm)": 1.2471029208134146,
          "petal width (cm)": 1.6960819309638584
        },
        "shap": null,
        "overfitting": {
          "status": "ok",
          "primary_metric": "accuracy",
          "avg_train": 0.9733333333333333,
          "avg_val": 0.9533333333333334,
          "gap": 0.019999999999999907,
          "relative_gap": 0.020547945184368456,
          "threshold": 0.05,
          "warnings": []
        }
      },
      "random_forest": {
        "model": "random_forest",
        "task_type": "classification",
        "folds": [
          {
            "fold": 1,
            "train_size": 120,
            "val_size": 30,
            "train_metrics": {
              "accuracy": 1.0,
              "precision": 1.0,
              "recall": 1.0,
              "f1": 1.0,
              "confusion_matrix": [
                [
                  40,
                  0,
                  0
                ],
                [
                  0,
                  40,
                  0
                ],
                [
                  0,
                  0,
                  40
                ]
              ]
            },
            "val_metrics": {
              "accuracy": 1.0,
              "precision": 1.0,
              "recall": 1.0,
              "f1": 1.0,
              "roc_auc": 1.0,
              "confusion_matrix": [
                [
                  10,
                  0,
                  0
                ],
                [
                  0,
                  10,
                  0
                ],
                [
                  0,
                  0,
                  10
                ]
              ]
            },
            "val_proba": [
              [
                1.0,
                0.0,
                0.0
              ],
              [
                1.0,
                0.0,
                0.0
              ],
              [
                0.95,
                0.05,
                0.0
              ],
              [
                0.95,
                0.05,
                0.0
              ],
              [
                1.0,
                0.0,
                0.0
              ],
              [
                1.0,
                0.0,
                0.0
              ],
              [
                1.0,
                0.0,
                0.0
              ],
